DOF = 144 L2 = 0.284593 
DOF = 72 L2 = 0.607199 
